15
14
13
15
15
15
15
15
14
15
15
16
15
16
16
16
17
17
17
18
16
16
16
17
17
17
15
14
17
17
19
19
19
19
20
20
19
19
17
16
16
16
17
17
16
17
18
19
18
16
18
19
21
19
21
19
21
21
18
18
19
20
19
20
19
19
19
19
19
19
21
22
22
21
21
20
19
19
16
16
18
19
19
20
20
19
20
20
20
17
19
17
19
17
19
19
19
17
17
19
18
18
19
19
17
17
17
18
19
20
20
19
19
19
19
19
23
22
20
20
22
22
21
20
19
19
19
19
17
19
19
19
22
21
21
22
19
19
20
20
20
21
21
22
19
19
20
21
19
20
20
21
21
21
21
21
20
21
21
20
20
22
22
22
22
22
21
22
22
22
25
24
22
21
22
22
22
22
22
21
21
20
20
21
20
20
20
21
21
22
21
21
21
21
20
20
20
20
22
22
21
22
22
21
20
23
21
22
23
22
24
22
20
20
20
22
19
19
19
17
19
20
21
21
21
22
25
24
27
26
24
26
22
21
21
22
21
21
20
20
22
23
21
21
21
22
21
21
24
22
22
22
21
24
25
25
22
20
22
22
22
22
22
24
22
23
23
22
20
21
22
22
22
22
22
22
23
23
22
22
24
22
24
22
24
25
25
25
22
22
23
22
23
22
22
24
21
22
23
22
21
21
21
24
24
25
24
24
21
22
24
22
22
24
25
25
26
26
25
26
22
22
22
23
23
22
25
25
24
24
25
25
26
26
31
31
29
29
35
35
34
16
4
211
255
162
12
11
33
31
38
37
38
37
36
36
31
31
28
28
24
22
24
22
24
21
22
22
22
24
27
27
24
24
22
22
26
26
27
27
27
28
25
24
22
21
21
20
24
24
24
25
24
24
26
26
24
23
20
21
21
21
21
20
23
24
24
26
24
22
24
24
22
22
22
22
22
21
20
20
21
22
24
22
21
21
20
21
21
21
20
20
20
21
22
21
23
23
23
22
21
21
19
19
20
19
19
19
21
21
21
22
22
22
23
23
21
22
23
22
22
22
27
28
24
24
21
21
20
21
23
23
20
20
20
20
21
21
21
20
19
20
21
21
21
21
19
19
20
20
19
19
20
19
16
19
16
17
19
19
17
19
19
19
20
19
21
21
21
21
21
20
20
20
19
19
17
19
19
20
21
20
18
17
20
20
16
16
19
19
22
22
21
22
24
22
22
21
22
21
22
22
22
22
21
21
20
21
22
22
24
24
21
21
22
23
22
21
21
21
24
24
24
21
21
21
20
20
22
21
20
19
20
19
20
19
22
20
20
17
17
19
22
23
20
21
23
23
22
22
22
21
22
21
19
21
21
21
20
19
22
22
19
19
20
20
21
20
20
21
24
28
24
24
21
18
22
22
22
22
21
22
23
23
24
23
24
22
22
20
20
21
24
24
22
22
21
20
21
21
